10001
11001
11501
12501
13001
15001
23501
26501
27001
27501
29001
29501
30501
32001
32501
33001
33501
35001
35501
36001
37001
37501
38501
39501
40001
41001
41501
42501
43001
43501
100001
100501
102501
104001
105001
106501
107001
107501
108001
108501
109001
109501
110001
110501
111001
112001
112501
113001
113501
114001
114501
115001
115501
116001
116501
117501
118001
118501
119001
120001
120501
121001
121501
122001
122501
123001
123501
124001
124501
125001
126501
127001
127501
128001
128501
129001
130001
130501
131001
131501
132001
132501
133001
133501
134001
134501
135001
135501
136001
136501
137001
137501
138001
138501
139001
139501
140001
140501
141001
141501
142001
142501
143001
144501
145001
145501
146001
146501
148001
148501
149001
149501
150001
150501
151001
151501
152001
152501
153001
153501
154501
155001
155501
156001
156501
157001
157501
158001
158501
159001
159501
160001
160501
161001
161501
162001
162501
163001
163501
164001
164501
165001
165501
166001
166501
167501
168001
168501
169001
169501
170001
170501
171001
171501
172001
172501
173501
174001
175001
175501
176001
176501
177001
177501
178001
178501
179001
180001
180501
231501
232001
232501
233001
233501
234001
234501
235001
235501
236001
236501
237001
237501
238001
240001
240501
241001
241501
242001
242501
243001
243501
244001
244501
245001
245501
246001
246501
247001
247501
248001
248501
249001
251001
252001
252501
253001
255001
255501
256001
257501
258001
258501
259001
259501
260001
260501
261001
261501
262001
262501
263001
263501
264001
265001
265501
266001
266501
267001
267501
268001
268501
270501
271001
271501
272001
273001
273501
274001
274501
275001
275501
276001
276501
277001
277501
278001
278501
280001
280501
281001
281501
282001
282501
283001
283501
285501
286501
287001
287501
288001
289001
290001
290501
291001
291501
292001
292501
293001
293501
294001
295001
296001
298501
299001
299501
300001
300501
301001
301501
302001
302501
303001
303501
304001
304501
305001
305501
306001
306501
307001
307501
308001
308501
309001
309501
310001
310501
311501
312001
312501
313001
313501
314001
314501
315001
316501
317001
317501
318001
318501
319001
319501
320001
320501
321001
321501
322001
322501
323001
323501
324001
325001
325501
326001
326501
327001
327501
328001
328501
329001
329501
330501
331001
331501
332001
333001
333501
334001
334501
335001
335501
336001
336501
337001
337501
338001
338501
339001
339501
340001
340501
341001
341501
342001
342501
343001
343501
344001
344501
345001
345501
346001
346501
347001
347501
348001
348501
349001
349501
350001
351501
352001
352501
353001
353501
354501
355001
355501
356001
356501
357001
357501
358001
358501
359001
359501
360001
360501
361001
361501
362001
362501
364001
364501
365001
365501
366001
366501
367001
367501
368501
369001
369501
370001
370501
371001
371501
372501
374001
374501
375001
375501
376001
377001
378501
379001
379501
380001
380501
381001
381501
382001
382501
383001
383501
384001
384501
385001
385501
386001
386501
387001
387501
388001
388501
389001
389501
390001
391001
391501
392001
392501
393001
393501
394001
394501
395001
396001
396501
397501
398001
398501
399001
399501
400001
400501
401001
401501
402001
402501
403001
403501
404001
404501
405001
405501
407001
407501
408001
408501
409001
409501
410501
411001
411501
412501
413001
413501
414001
414501
415001
415501
417001
418001
418501
419001
419501
420001
420501
421001
421501
422001
422501
423001
423501
424001
425001
425501
426001
426501
427001
427501
428001
428501
429001
429501
430001
430501
431001
431501
432001
432501
433501
434001
435001
435501
436001
436501
437001
437501
438001
438501
439001
439501
440001
440501
441001
441501
442001
442501
443001
443501
444001
444501
445001
445501
446001
446501
447001
447501
449001
449501
450001
450501
451001
451501
452001
452501
453001
453501
454001
454501
455001
455501
456001
456501
457001
457501
458001
458501
459001
459501
460001
460501
461001
461501
462001
462501
463001
463501
464001
464501
465001
465501
466001
467501
468001
469001
469501
470001
470501
471001
471501
472001
472501
473501
474001
474501
475001
475501
476001
476501
477001
477501
478001
478501
481501
482001
482501
483001
485501
486001
486501
487001
487501
489501
490501
492501
493001
493501
494001
494501
495501
496001
497001
497501
498001
498501
499001
499501
500001
500501
501001
501501
502001
502501
503001
503501
504001
504501
505001
505501
506001
506501
507001
507501
510001
510501
511501
512001
512501
513001
513501
514001
514501
515001
515501
517501
518001
518501
519001
520001
520501
521001
521501
522001
522501
523001
523501
524001
524501
525001
525501
526001
526501
527001
527501
528001
528501
529001
529501
530001
531001
531501
532001
533001
533501
534001
534501
535001
535501
536001
536501
537001
538501
539501
540001
540501
541001
541501
542001
542501
543001
543501
544001
544501
545001
546001
547501
548001
548501
549001
549501
550501
551001
551501
552001
552501
553001
554501
555501
556001
556501
557001
557501
558001
559001
559501
560001
560501
561001
562001
562501
563001
563501
564001
564501
565001
565501
566001
566501
567001
567501
568001
568501
569001
569501
570001
570501
571001
571501
572001
572501
573001
574501
575001
575501
576001
576501
577001
577501
578001
579501
580501
581001
581501
582001
583001
583501
584001
584501
585001
585501
586001
586501
587001
587501
588001
588501
589001
589501
590001
590501
591001
591501
592001
592501
593501
594001
594501
595501
596501
597001
597501
598501
599001
599501
600501
601001
601501
602001
602501
603001
603501
604001
604501
605501
606001
606501
607001
607501
608001
608501
609001
609501
610001
610501
611001
611501
612001
612501
613001
613501
614001
614501
615001
615501
616001
616501
617001
618501
619001
619501
620001
620501
621001
621501
622001
623001
623501
624001
624501
625001
625501
626001
626501
627001
627501
628001
628501
629001
629501
630001
630501
631501
634001
634501
635501
636001
636501
638501
639001
639501
640001
640501
641001
642001
642501
643001
643501
644001
644501
645001
645501
646001
646501
647001
647501
648001
648501
649001
649501
650001
650501
651001
651501
652001
652501
653001
653501
654001
654501
655001
655501
656001
656501
657001
657501
658001
658501
659001
659501
660001
660501
661001
662501
663001
664001
664501
665001
665501
666001
666501
667001
667501
668001
668501
669001
669501
670501
671001
671501
672001
672501
673001
674001
674501
675001
675501
676001
676501
677001
678001
678501
679001
679501
680001
680501
683001
684001
684501
685001
685501
686001
687001
688001
688501
689001
691501
692001
692501
693001
693501
694001
695001
696501
697001
697501
698501
699001
700001
700501
701501
702001
702501
703001
703501
704501
705001
705501
706001
706501
707001
708001
709001
710001
710501
711001
711501
712001
712501
713001
713501
714001
714501
715001
716001
717001
717501
718001
718501
719501
720001
720501
721001
722501
723001
723501
724001
724501
725001
725501
726001
726501
727001
727501
728001
728501
729501
730501
731001
731501
732001
732501
733001
733501
734001
734501
735001
737001
739001
739501
740001
740501
741001
741501
742001
742501
743001
743501
744001
744501
745001
745501
746001
746501
747001
747501
748001
748501
749001
750001
750501
751001
751501
752001
752501
753501
754001
756501
757001
759001
760001
760501
761001
761501
762501
763001
763501
764001
764501
765001
765501
766001
766501
767001
767501
768001
768501
769001
769501
770001
770501
771001
771501
772001
772501
773001
773501
774001
774501
775001
775501
776001
777001
777501
778001
778501
779001
779501
780001
780501
781001
781501
782001
783001
783501
784501
785501
786001
786501
787001
788001
790001
791501
792501
793001
793501
794001
794501
795001
795501
796001
796501
797501
798001
798501
799001
799501
800001
800501
801001
802001
802501
803001
803501
804501
805001
805501
806001
806501
807001
807501
808001
808501
809001
809501
810001
810501
811001
811501
812001
812501
813501
814001
814501
815001
815501
816001
816501
817001
817501
818001
818501
819001
819501
820001
820501
821001
821501
822001
822501
823001
823501
824001
826001
826501
827501
829001
829501
830501
831001
831501
832001
832501
833001
833501
834001
834501
835001
836001
836501
837001
837501
839501
840001
840501
841001
841501
842001
844001
844501
845001
845501
846001
847001
847501
848001
848501
849001
850501
851001
851501
852001
852501
853001
854001
854501
856501
857001
857501
858001
858501
859001
859501
860001
861001
861501
862001
862501
863001
863501
864001
864501
865001
865501
866001
866501
867001
867501
868501
869001
869501
870501
871001
871501
872001
872501
873001
873501
875001
875501
876001
876501
877001
878001
878501
879001
879501
880001
880501
881001
881501
882001
882501
883001
883501
884001
884501
885001
885501
886001
886501
887001
887501
888001
889501
890001
890501
891001
891501
892501
893001
893501
894001
894501
895001
895501
896001
896501
897001
897501
898001
898501
899001
899501
900001
901001
901501
902501
903001
903501
904501
905001
905501
906001
906501
907501
908001
908501
909001
909501
910001
910501
911001
911501
912001
912501
913001
913501
914001
914501
915001
915501
916001
917001
917501
918001
918501
919001
919501
920001
921001
921501
922001
923501
924001
924501
925001
925501
926001
926501
927001
927501
928001
928501
929001
929501
930001
930501
931501
932001
932501
933501
934001
934501
935501
936001
936501
937001
937501
938001
938501
939001
940001
940501
941001
941501
942001
943501
944001
944501
945501
946001
946501
947001
947501
948501
949001
950001
950501
951001
951501
953001
953501
954001
954501
955001
955501
956001
956501
957001
957501
958001
958501
959001
959501
960001
960501
961001
961501
962001
962501
963001
963501
964001
964501
965001
965501
966001
966501
967001
967501
968001
969001
969501
970501
971001
971501
972001
972501
973001
973501
974001
974501
975001
975501
976501
977001
977501
978001
978501
979001
979501
980501
981001
981501
982001
982501
983001
986001
987001
990501
991001
992001
1048501
1049501
1051001
1053001
1053501
1054001
1054501
1061001
1062501
1064501
1066501
1069501
1070501
1071001
1073001
1074501
1078001
1082001
1138001
1138501
1141501
1142501
1147001
1148001
1151001
1156001
1156501
1160001
1160501
1161001
1161501
1162501
1163001
1163501
1164001
1164501
1165001
1165501
1166001
1166501
1167001
1167501
1168001
1168501
1169001
1169501
1170001
1170501
1171001
1171501
1172001
1172501
1173001
1173501
1174001
1174501
1176501
1177001
1178001
1178501
1179001
1179501
1180001
1180501
1181501
1182001
1182501
1183001
1183501
1184001
1184501
1185001
1185501
1186001
1186501
1187001
1188001
1188501
1189001
1189501
1190001
1190501
1191001
1191501
1192001
1194001
1194501
1195001
1195501
1196001
1196501
1197001
1197501
1198001
1198501
1199001
1199501
1200501
1201001
1201501
1203001
1203501
1204001
1204501
1205001
1205501
1206001
1206501
1207001
1208001
1208501
1209001
1209501
1210001
1210501
1211001
1212001
1212501
1213001
1213501
1264501
1265001
1265501
1266001
1267501
1268001
1269501
1270001
1271001
1272001
1272501
1273001
1273501
1274001
1274501
1275001
1275501
1276001
1276501
1277001
1277501
1278001
1278501
1279001
1279501
1282501
1283001
1283501
1284001
1284501
1285001
1286001
1286501
1287001
1289001
1289501
1290001
1291001
1291501
1292001
1292501
1293001
1293501
1294001
1294501
1295001
1295501
1296001
1296501
1297001
1297501
1298001
1298501
1299001
1299501
1300001
1300501
1301001
1301501
1302001
1302501
1303501
1304001
1305501
1306001
1306501
1307001
1307501
1308001
1309001
1310001
1310501
1311001
1311501
1312001
1312501
1313001
1313501
1314001
1314501
1315001
1315501
1316001
1316501
1317501
1318001
1320501
1321001
1321501
1322001
1322501
1323001
1324001
1324501
1325001
1325501
1326001
1326501
1327001
1327501
1328001
1328501
1329001
1329501
1330001
1330501
1331001
1331501
1332001
1332501
1333001
1333501
1334001
1334501
1335001
1335501
1336001
1336501
1337001
1338001
1338501
1339001
1339501
1340001
1340501
1341501
1342001
1342501
1343001
1343501
1344001
1344501
1345001
1345501
1346501
1347001
1347501
1348001
1349001
1349501
1350001
1350501
1351001
1351501
1352001
1352501
1353001
1353501
1354001
1354501
1355001
1355501
1356001
1356501
1357001
1358001
1359001
1359501
1360001
1361001
1362001
1362501
1363001
1363501
1364001
1364501
1365001
1365501
1366001
1366501
1367001
1368001
1368501
1369001
1369501
1370001
1370501
1371001
1371501
1372001
1372501
1373001
1373501
1374001
1374501
1375001
1375501
1376501
1377501
1378001
1378501
1379001
1379501
1380001
1380501
1381001
1381501
1382001
1382501
1384001
1384501
1385501
1386001
1386501
1387001
1387501
1388001
1388501
1389001
1389501
1390001
1390501
1391001
1391501
1392001
1392501
1393501
1394501
1395001
1395501
1396001
1396501
1397001
1397501
1398001
1398501
1399001
1399501
1400001
1400501
1401001
1401501
1402001
1402501
1403001
1403501
1404001
1404501
1405501
1406001
1406501
1407001
1407501
1408001
1408501
1409001
1409501
1410001
1411001
1412001
1412501
1413001
1414001
1414501
1415001
1415501
1416501
1417001
1418001
1418501
1419001
1419501
1420001
1420501
1421001
1422501
1423001
1424501
1425001
1425501
1426001
1426501
1427001
1428001
1428501
1429001
1429501
1430501
1431001
1431501
1432001
1432501
1433001
1433501
1436501
1437001
1437501
1438001
1441001
1442501
1445001
1445501
1446001
1446501
1447001
1447501
1448001
1448501
1449001
1449501
1450001
1450501
1451001
1451501
1452001
1452501
1453001
1454001
1454501
1455001
1455501
1456001
1456501
1457001
1458001
1459001
1459501
1460001
1462501
1463001
1463501
1464001
1464501
1465001
1465501
1466001
1466501
1467001
1467501
1468001
1468501
1469001
1469501
1470001
1470501
1471501
1472001
1472501
1473001
1473501
1474001
1474501
1475001
1475501
1476001
1476501
1479501
1480001
1480501
1481001
1481501
1482001
1482501
1483001
1483501
1484001
1484501
1485001
1485501
1486001
1486501
1487001
1487501
1488001
1488501
1489001
1489501
1490001
1490501
1491001
1491501
1492001
1492501
1493001
1493501
1494001
1494501
1495001
1495501
1496001
1496501
1497001
1497501
1498001
1498501
1499001
1501001
1501501
1502001
1502501
1503001
1503501
1504001
1504501
1505001
1505501
1506001
1506501
1507001
1507501
1508001
1508501
1509001
1510001
1511001
1511501
1512501
1513001
1513501
1514001
1515001
1515501
1516001
1516501
1517001
1517501
1518001
1519001
1521001
1523001
1524001
1524501
1525001
1525501
1526001
1529501
1530001
1531501
1532001
1532501
1533001
1534001
1534501
1535001
1536501
1537001
1538001
1538501
1539001
1539501
1542001
1542501
1543001
1543501
1545001
1545501
1546501
1547001
1547501
1548501
1549001
1549501
1550001
1550501
1551001
1551501
1552001
1552501
1553001
1554001
1555001
1555501
1556501
1557001
1557501
1558001
1558501
1559001
1559501
1560001
1560501
1561501
1562001
1562501
1565001
1566001
1567001
1567501
1568001
1569001
1569501
1570001
1570501
1571501
1572001
1572501
1573001
1573501
1574001
1574501
1575001
1575501
1576001
1576501
1577001
1579001
1579501
1580001
1580501
1581001
1581501
1582001
1582501
1583501
1584001
1584501
1585001
1585501
1586001
1586501
1587001
1587501
1588501
1589501
1590001
1590501
1591001
1591501
1592001
1593001
1593501
1594001
1594501
1595001
1595501
1596001
1596501
1597001
1597501
1598001
1598501
1600001
1600501
1601501
1604001
1605001
1605501
1606501
1607001
1607501
1608001
1608501
1609001
1609501
1610001
1610501
1611001
1611501
1612001
1612501
1613001
1614001
1614501
1615001
1615501
1616501
1617001
1617501
1618501
1619001
1619501
1620001
1620501
1621501
1622001
1622501
1623001
1623501
1624001
1624501
1625001
1625501
1626001
1627501
1628001
1628501
1629001
1629501
1630001
1630501
1631001
1631501
1632001
1632501
1633001
1633501
1634501
1635001
1636501
1637001
1638001
1638501
1639001
1639501
1640001
1640501
1641001
1641501
1642001
1642501
1643001
1644001
1644501
1645001
1645501
1646001
1646501
1647001
1647501
1648001
1649001
1650001
1651501
1652001
1652501
1653001
1653501
1654001
1654501
1655001
1655501
1656001
1658001
1658501
1659001
1661001
1661501
1662001
1663001
1663501
1664001
1664501
1665501
1666001
1666501
1667501
1668501
1669001
1670501
1671001
1671501
1672501
1673001
1674001
1674501
1675001
1675501
1676001
1676501
1677001
1677501
1678001
1678501
1679501
1680001
1680501
1681001
1681501
1682001
1682501
1683001
1683501
1684001
1684501
1685001
1685501
1686001
1686501
1687001
1687501
1688001
1688501
1689001
1689501
1690001
1690501
1691001
1691501
1692001
1692501
1693001
1693501
1694001
1694501
1695001
1695501
1696001
1696501
1697001
1697501
1698001
1698501
1699001
1699501
1700001
1700501
1701001
1701501
1702001
1702501
1703001
1703501
1704001
1704501
1705001
1710001
1710501
1711001
1711501
1712501
1713001
1713501
1714001
1714501
1715001
1715501
1716501
1717001
1717501
1718001
1718501
1719001
1719501
1720001
1720501
1721001
1721501
1722001
1722501
1723001
1723501
1724001
1724501
1725501
1726001
1726501
1727001
1727501
1728001
1728501
1729001
1729501
1730001
1730501
1731001
1731501
1732001
1732501
1733001
1733501
1734001
1734501
1735001
1735501
1736001
1736501
1737001
1737501
1738001
1738501
1739001
1739501
1740001
1740501
1741001
1741501
1742001
1743001
1744001
1744501
1745501
1746501
1747001
1747501
1748001
1748501
1749001
1749501
1750001
1750501
1751001
1751501
1752001
1752501
1753001
1753501
1754001
1754501
1755001
1755501
1756001
1756501
1757001
1757501
1758001
1758501
1759001
1759501
1760001
1760501
1761001
1761501
1762001
1762501
1763001
1763501
1764001
1764501
1765001
1765501
1767501
1768501
1769001
1769501
1770001
1771501
1772501
1773001
1773501
1774501
1775001
1775501
1776001
1776501
1777001
1777501
1778001
1778501
1780001
1780501
1781001
1781501
1782001
1782501
1783001
1783501
1784001
1784501
1785001
1785501
1786001
1786501
1787001
1787501
1788001
1788501
1789001
1789501
1790001
1790501
1791001
1791501
1793001
1793501
1794001
1794501
1795001
1795501
1796001
1796501
1797001
1797501
1798001
1798501
1799001
1799501
1800001
1800501
1801001
1801501
1802001
1802501
1803001
1803501
1805001
1805501
1806001
1806501
1807501
1808001
1808501
1809001
1809501
1810001
1810501
1811001
1811501
1812001
1812501
1813001
1813501
1814501
1815001
1815501
1816001
1816501
1817001
1817501
1818001
1818501
1819501
1820001
1820501
1821001
1822001
1822501
1823001
1823501
1824001
1825001
1825501
1826001
1826501
1827001
1827501
1828001
1828501
1829001
1829501
1830001
1830501
1831001
1831501
1832001
1834501
1835001
1835501
1836001
1836501
1837001
1837501
1838501
1839001
1839501
1840001
1840501
1841001
1841501
1842001
1842501
1843001
1843501
1844001
1844501
1845001
1845501
1846001
1847001
1847501
1848001
1849001
1849501
1850001
1850501
1851001
1851501
1852501
1854001
1854501
1855001
1855501
1856001
1856501
1857001
1857501
1858001
1859001
1859501
1860001
1860501
1861501
1862501
1865501
1866501
1867001
1867501
1868001
1868501
1869001
1872501
1873001
1873501
1874001
1874501
1875001
1875501
1876001
1877001
1877501
1878001
1878501
1879001
1879501
1880001
1881001
1881501
1882001
1882501
1883001
1884501
1885001
1885501
1886001
1886501
1888001
1888501
1889001
1889501
1890001
1890501
1891001
1891501
1892001
1892501
1893001
1893501
1894501
1895001
1895501
1896501
1897001
1897501
1898001
1898501
1899001
1899501
1900001
1900501
1901001
1901501
1902001
1902501
1903001
1903501
1904501
1905001
1905501
1906001
1906501
1907001
1907501
1908001
1908501
1909001
1909501
1910001
1910501
1911001
1911501
1912001
1912501
1913001
1913501
1914001
1914501
1915001
1915501
1916001
1916501
1917001
1917501
1918001
1918501
1919001
1919501
1920001
1920501
1921001
1921501
1922001
1923001
1923501
1924001
1924501
1925001
1925501
1926001
1926501
1927001
1927501
1928001
1928501
1929001
1929501
1930001
1930501
1931001
1932001
1932501
1933001
1933501
1934001
1934501
1935001
1935501
1936001
1936501
1937001
1937501
1938001
1939001
1939501
1940001
1940501
1941001
1941501
1942001
1943501
1944001
1944501
1945001
1945501
1946001
1946501
1947001
1947501
1948501
1949001
1949501
1950501
1951001
1951501
1952001
1952501
1953001
1953501
1954001
1955001
1955501
1956001
1956501
1957001
1957501
1958001
1958501
1959001
1959501
1960501
1961001
1961501
1962001
1963001
1963501
1964001
1964501
1965001
1965501
1966001
1967001
1967501
1969001
1969501
1970001
1970501
1971001
1971501
1972001
1972501
1973001
1973501
1974001
1975001
1975501
1976001
1976501
1977001
1977501
1978001
1978501
1979001
1979501
1980001
1980501
1981001
1981501
1983501
1984001
1984501
1985501
1986001
1986501
1987001
1987501
1988001
1988501
1989001
1989501
1990501
1991001
1991501
1992001
1992501
1993001
1993501
1994001
1994501
1995001
1995501
1996001
1996501
1997001
1997501
1998001
1998501
1999001
1999501
2000001
2000501
2001001
2001501
2002001
2002501
2003001
2003501
2004001
2004501
2005001
2005501
2006001
2006501
2007001
2007501
2008001
2008501
2009001
2009501
2010001
2010501
2011501
2012001
2012501
2013001
2013501
2014001
2014501
2016001
2016501
2017001
2017501
2068501
2069001
2069501
2070001
2070501
2071501
2072001
2072501
2073001
2073501
2074001
2074501
2075001
2075501
2076001
2076501
2077001
2077501
2078001
2078501
2079501
2080001
2082001
2082501
2083001
2083501
2084001
2084501
2085001
2085501
2086001
2086501
2087001
2087501
2088001
2088501
2089001
2090501
2091001
2091501
2092001
2092501
2093001
2093501
2094001
2094501
2095001
2096501
2097001
2097501
2098001
2098501
2099001
2099501
2100001
2100501
2101001
2101501
2102001
2102501
2103001
2103501
2104001
2104501
2105001
2105501
2106001
2106501
2107001
2107501
2108001
2108501
2109001
2109501
2110001
2110501
2111001
2111501
2112001
2112501
2113001
2113501
2114001
2114501
2115001
2115501
2116001
2116501
2117001
2117501
2118001
2119001
2119501
2120001
2120501
2121001
2121501
2122001
2122501
2123001
2123501
2124001
2124501
2125001
2125501
2126501
2127001
2127501
2128001
2128501
2129001
2129501
2130001
2131001
2131501
2132001
2132501
2133001
2133501
2134001
2134501
2135001
2135501
2136001
2136501
2137501
2138001
2138501
2139001
2139501
2140001
2140501
2141001
2141501
2142001
2142501
2143001
2143501
2144001
2144501
2145001
2150501
2151001
2151501
2152501
2153001
2153501
2154001
2154501
2155001
2155501
2156001
2156501
2157001
2157501
2158001
2158501
2159501
2160001
2160501
2161501
2162501
2163001
2163501
2164001
2164501
2165001
2165501
2166001
2166501
2167001
2167501
2168001
2168501
2169001
2170501
2171001
2171501
2172001
2172501
2173001
2174001
2174501
2175501
2176001
2176501
2177501
2178001
2178501
2179001
2179501
2180001
2180501
2181001
2181501
2182001
2182501
2183001
2183501
2184001
2184501
2185001
2185501
2186001
2186501
2188001
2188501
2189001
2189501
2190001
2190501
2191001
2192001
2192501
2193501
2194001
2194501
2195001
2195501
2196001
2196501
2197001
2197501
2198001
2198501
2199001
2199501
2200001
2201001
2201501
2202501
2203001
2203501
2204001
2204501
2205001
2206501
2207001
2207501
2208001
2208501
2209001
2209501
2210001
2211001
2211501
2212001
2212501
2213001
2213501
2214001
2214501
2215001
2215501
2216001
2216501
2217501
2218001
2218501
2219001
2219501
2220001
2220501
2221001
2221501
2222001
2222501
2223001
2224001
2224501
2225001
2225501
2226001
2226501
2227001
2227501
2228001
2229001
2229501
2230001
2230501
2231001
2233001
2234001
2234501
2235001
2236001
2236501
2237001
2237501
2238001
2238501
2239501
2240001
2240501
2241001
2242001
2242501
2243001
2243501
2244501
2245001
2245501
2246001
2246501
2247001
2247501
2248001
2248501
2249001
2249501
2250001
2250501
2251001
2251501
2252001
2253001
2253501
2254001
2254501
2255001
2256001
2256501
2257501
2258001
2258501
2259001
2260001
2261501
2262001
2262501
2263001
2264001
2264501
2265001
2265501
2266501
2267001
2267501
2268001
2268501
2269001
2270001
2270501
2271001
2271501
2272001
2272501
2273001
2273501
2274001
2274501
2275001
2275501
2276001
2276501
2277001
2277501
2278001
2278501
2279001
2279501
2280001
2280501
2282001
2282501
2283001
2284001
2285501
2286001
2286501
2287001
2287501
2288001
2288501
2289001
2289501
2290001
2290501
2291001
2291501
2292001
2292501
2293001
2293501
2294001
2294501
2295001
2295501
2296001
2296501
2297001
2297501
2298001
2298501
2299001
2299501
2300001
2300501
2301501
2302001
2302501
2303001
2303501
2304001
2305001
2305501
2306001
2306501
2307001
2307501
2308001
2308501
2309001
2309501
2310501
2311001
2311501
2312001
2312501
2313001
2313501
2314001
2314501
2315001
2315501
2316001
2316501
2317001
2318001
2318501
2319001
2319501
2320001
2320501
2321001
2321501
2322001
2322501
2323001
2323501
2324001
2324501
2325001
2325501
2326501
2327501
2328001
2328501
2329001
2329501
2330001
2330501
2331001
2331501
2332001
2332501
2333001
2333501
2334001
2334501
2335001
2335501
2336001
2336501
2337001
2338001
2338501
2339001
2339501
2340001
2340501
2341001
2342001
2342501
2343001
2343501
2344001
2344501
2345001
2345501
2346001
2346501
2348001
2348501
2349001
2349501
2350001
2350501
2351001
2351501
2352001
2353001
2354501
2355001
2355501
2356001
2356501
2357001
2357501
2358001
2358501
2359001
2359501
2360501
2361001
2361501
2362001
2362501
2364001
2365501
2366001
2366501
2367001
2369501
2370001
2371501
2372001
2373001
2373501
2374001
2374501
2375001
2375501
2376001
2376501
2377501
2378001
2379001
2380501
2381001
2381501
2382001
2382501
2383001
2384001
2384501
2385501
2386001
2386501
2387001
2387501
2388001
2388501
2389001
2389501
2390001
2390501
2391001
2391501
2392001
2392501
2393001
2393501
2394001
2395001
2396001
2396501
2397001
2397501
2398001
2398501
2399001
2399501
2400001
2400501
2401001
2401501
2402001
2402501
2403001
2403501
2404001
2404501
2405001
2406001
2406501
2407001
2408001
2408501
2409001
2409501
2410001
2410501
2411001
2411501
2412001
2412501
2413001
2413501
2414001
2414501
2415001
2415501
2416001
2416501
2417001
2418001
2418501
2419001
2419501
2420001
2420501
2421001
2421501
2422001
2422501
2423001
2423501
2424501
2425001
2425501
2426001
2426501
2427001
2427501
2428001
2428501
2429001
2429501
2430001
2430501
2431001
2431501
2432001
2432501
2433001
2433501
2434001
2434501
2435001
2435501
2436001
2436501
2437001
2437501
2438501
2439501
2440001
2440501
2441001
2441501
2442001
2442501
2443001
2443501
2444001
2444501
2445001
2445501
2446001
2446501
2447001
2447501
2448001
2448501
2449001
2449501
2450001
2453001
2453501
2454501
2455001
2455501
2456001
2456501
2457001
2457501
2458001
2458501
2459001
2459501
2460001
2460501
2461501
2462001
2462501
2463001
2463501
2464001
2465001
2465501
2466001
2467001
2468001
2469001
2469501
2470001
2470501
2471001
2471501
2472001
2472501
2473001
2473501
2474001
2474501
2475001
2475501
2476001
2478001
2478501
2479001
2480501
2482001
2482501
2483001
2483501
2484501
2485001
2485501
2486001
2486501
2487001
2487501
2488001
2489501
2490001
2490501
2492501
2493001
2494001
2494501
2495501
2496001
2496501
2497001
2497501
2498001
2498501
2499001
2499501
2500001
2500501
2501001
2502001
2502501
2503001
2503501
2504001
2504501
2505501
2506001
2506501
2508501
2509001
2509501
2510001
2510501
2511001
2511501
2512501
2513001
2513501
2514001
2514501
2515001
2515501
2516001
2516501
2517001
2517501
2518001
2518501
2519001
2519501
2520001
2520501
2521501
2522001
2522501
2523501
2524001
2524501
2525001
2525501
2526501
2528001
2528501
2529501
2530001
2530501
2531001
2531501
2532001
2532501
2533001
2533501
2534001
2534501
2535001
2535501
2536001
2536501
2537001
2538001
2538501
2539001
2539501
2540001
2540501
2541001
2541501
2542001
2542501
2543001
2543501
2544001
2544501
2545001
2545501
2546501
2547001
2547501
2548001
2548501
2549501
2550001
2550501
2551001
2551501
2552001
2552501
2553001
2553501
2554001
2554501
2555001
2555501
2556001
2556501
2557001
2557501
2558001
2560001
2561001
2561501
2562001
2562501
2563001
2563501
2564001
2564501
2565001
2565501
2566001
2566501
2567001
2567501
2568001
2569001
2570001
2570501
2571001
2572001
2572501
2573001
2573501
2574001
2574501
2575001
2575501
2576001
2576501
2577501
2578001
2578501
2579501
2580001
2581001
2581501
2582501
2583001
2583501
2584001
2584501
2585001
2586001
2586501
2587001
2587501
2588001
2588501
2589001
2589501
2590001
2590501
2591001
2592001
2592501
2593001
2593501
2594001
2594501
2595001
2595501
2596501
2597001
2597501
2598001
2598501
2599001
2599501
2600001
2600501
2601001
2601501
2602001
2602501
2603001
2603501
2604001
2604501
2605001
2605501
2606001
2606501
2607001
2607501
2608001
2608501
2610001
2611001
2611501
2612001
2612501
2613501
2614501
2615501
2616001
2616501
2617501
2618001
2618501
2619001
2619501
2622001
2623001
2624501
2625001
2625501
2626001
2627501
2628001
2628501
2629001
2629501
2630001
2631001
2631501
2632501
2633001
2633501
2634001
2634501
2635001
2635501
2636001
2636501
2637001
2637501
2638501
2639001
2639501
2640001
2640501
2641001
2642001
2642501
2643001
2643501
2644501
2645501
2646501
2647001
2647501
2649001
2708501
2772001
2786001
2787001
2806001
2865501
2896001
2896501
2897501
2898501
2899001
2918501
2919001
2919501
2925501
2929501
2934001
2939001
2947001
2951501
2953501
2955501
2956001
2961001
2962001
2966501
2979501
2992001
2995501
3005001
3006501
3018001
3024001
3029001
3030001
3039501
3040001
3055001
3062001
3067501
3070001
3072001
3073001
3073501
3076001
3080501
3086001
3088001
3090001
3102501
3104501
3117501
3124501
3141501
3143001
3143501
3144501
3148001
3154001
3166001
3166501
3167001
3172001
3174501
3181501
3186501
3194501
3195001
3195501
3197001
3204501
3205001
3205501
3206001
3206501
3207501
3224501
3241001
3250001
3253501
3267001
3275001
3283501
3285001
3311501
3312001
3312501
3313001
3313501
3314001
3314501
3315001
3315501
3316001
3316501
3317001
3324501
3326001
3358501
3372001
3373001
3374501
3376001
3376501
3392001
3394001
3395501
3403001
3404501
3408001
3414501
3418001
3424001
3425001
3425501
3428001
3430001
3436001
3444501
3449501
3455501
3457001
3458001
3459501
3460501
3462501
3473001
3482001
3485501
3490501
3492001
3495001
3497001
3498501
3499001
3501501
3503001
3512001
3514001
3516001
3522501
3543501
3546001
3547001
3548001
3549001
3555001
3558001
3567001
3571501
3573001
3576001
3584001
3587001
3590501
3595501
3617501
3620501
3628001
3631001
3631501
3642501
3653001
3655501
3657501
3658001
3672001
3675501
3676501
3682001
3685501
3692001
3696001
3710001
3713001
3715001
3716001
3718001
3719001
3719501
3720501
3723501
3733001
3744001
3746001
3752001
3755001
3765501
3784501
3808501
3823001
3837001
3837501
3842501
3845001
3854501
3861501
3863001
3863501
3868001
3869001
3871001
3873001
3877001
3881001
3881501
3882001
3886001
3889001
3896001
3914501
3917501
3929001
3936001
3943501
3944501
3952001
3967001
3988001
3990501
3997501
4000001
4001001
4010001
4017501
4019001
4019501
4021001
4021501
4022001
4025001
4026001
4040501
4042501
4047001
4067501
4089501
4090001
4090501
4098001
4098501
4099001
4142001
4143501
4145001
4148001
4150501
4153001
4181001
4191001
4218501
4219501
4225001
4225501
4226501
4227001
4228501
4242001
4250001
4257501
4263001
4287501
4289001
4289501
4290001
4290501
4291001
4291501
4292001
4298501
4317501
4319501
4320001
4323501
4331501
4350501
4354001
4359001
4376501
4379501
4383501
4384001
4385001
4392001
4395001
4396001
4403001
4407001
4419501
4420501
4421001
4421501
4423501
4424501
4428001
4430001
4443501
4445501
4458501
4472501
4477001
4479501
4492501
4494501
4496501
4499501
4500001
4502001
4515501
4534501
4558501
4562501
4572001
4579001
4583501
4589001
4607501
4609001
4614501
4617501
4618001
4618501
4619501
4620001
4620501
4621001
4621501
4622001
4622501
4623001
4623501
4628001
4629001
4630001
4634001
4635501
4636001
4639501
4640501
4648501
4650501
4651501
4654501
4673501
4675501
4679001
4681501
4683001
4684501
4689501
4691001
4694501
4697001
4712501
4725501
4726001
4726501
4727001
4729001
4732001
4734501
4735001
4735501
4736001
4736501
4737001
4737501
4739001
4739501
4740001
4749501
4750501
4753001
4763001
4763501
4770001
4774001
4779001
4780001
4781001
4781501
4782001
4782501
4783001
4783501
4795001
4804001
4810001
4813001
4817001
4817501
4818001
4818501
4819001
4819501
4820001
4820501
4821001
4821501
4822001
4822501
4823501
4828001
4829501
4833001
4833501
4834501
4841501
4842001
4843001
4843501
4844001
4845001
4845501
4846001
4871501
4878001
4878501
4880001
4881001
4889501
4902501
4905001
4909001
4909501
4910001
4910501
4911001
4911501
4912001
4912501
4913001
4913501
4914001
4914501
4916001
4921501
4948001
4949001
4949501
4964501
4967501
4975501
4976501
4986501
4989501
4998501
5001501
5003501
5008001
5009001
5009501
5010001
5014501
5034501
5037001
5043501
5044001
5049001
5054501
5064501
5065001
5065501
5072501
5073001
5074001
5082001
5083001
5088501
5093501
5095501
5105501
5106001
5106501
5110001
5113501
5118001
5128501
5130001
5132001
5132501
5138001
5146001
5147501
5157501
5161001
5179501
5182001
5193501
5194501
5198001
5211001
5214001
5217001
5219001
5221001
5221501
5224501
5244001
5247501
5248001
5249501
5254501
5255501
5257501
5265501
5267501
5280001
5307501
5313001
5317001
5336001
5347501
5348501
5350001
5355001
5366001
5377501
5378001
5386001
5388001
5395501
5406501
5425001
5440501
5441001
5452501
5474001
5474501
5475001
5475501
5476001
5476501
5477001
5477501
5478001
5478501
5479001
5479501
5480001
5481001
5501501
5521001
5521501
5522501
5524001
5528501
5538001
5539501
5544001
5550001
5554501
5567001
5570001
5570501
5579001
5585501
5587501
5593001
5601501
5614501
5618501
5627001
5628001
5631501
5632501
5634501
5638501
5647001
5657001
5658501
5673001
5676001
5676501
5678501
5683501
5686501
5689501
5695001
5699501
5703001
5705001
5713501
5716001
5717001
5723501
5735501
5766001
5770501
5777501
5789501
5790501
5792001
5802501
5803001
5809001
5809501
5810501
5811501
5812001
5812501
5813001
5814001
5825001
5828001
5837001
5839501
5841001
5852501
5868001
5885001
5885501
5900501
5903001
5925501
5932001
5938001
5945001
5947001
5948501
5949001
5953501
5960501
5963001
5973001
5981001
5991001
5995001
6008501
6010501
6011001
6011501
6012001
6014001
6014501
6015001
6015501
6016501
6017001
6017501
6018001
6032001
6042501
6044001
6045501
6059001
6092001
6157001
6164501
6196501
6198501
6199501
6204001
6247501
6299501
6328501
6365001
6375001
6393001
6394501
6400501
6401001
6401501
6402001
6402501
6403001
6415501
6418001
6418501
6421501
6448001
6450001
6451501
6464001
6486501
6487001
6489001
6490001
6495001
6495501
6496001
6496501
6497001
6497501
6498001
6498501
6499001
6499501
6500001
6508501
6517001
6518001
6526001
6527001
6531001
6538001
6590501
6591501
6597001
6607001
6617001
6637501
6638001
6638501
6639001
6639501
6640501
6641501
6721501
6722001
6722501
6723001
6723501
6724001
6724501
6725001
6725501
6726001
6747001
6753001
6756501
6763501
6819501
6821001
6903001
6981001
7004001
7004501
7005001
7006001
7006501
7007001
7007501
7022001
7022501
7023001
7023501
7024001
7024501
7025001
7025501
7026001
7026501
7027001
7027501
7060501
7062001
7073501
7085501
7117501
7118501
7119001
7119501
7120001
7121501
7122001
7122501
7123001
7148001
7174501
7175001
7209001
7240001
7264001
7264501
7270001
7296501
7297501
7298001
7298501
7301001
7311001
7393001
7394001
7394501
7438001
7438501
7439001
7439501
7440001
7441001
7442501
7535501
7536001
7575001
7576501
7709501
7712501
7774001
7968501
7985001
8002501
8003001
8004501
8005001
8005501
8006501
8007001
8007501
8043501
8044001
8063001
8063501
8091501
8112001
8136501
8137501
8173501
8174001
8174501
8175501
8176501
8177001
8178001
8178501
8236001
8276501
8278001
8293001
8314001
8321501
8322001
8323001
8323501
8324001
8325501
8326001
8408501
8565501
8724501
8814001
8814501
8815001
8826501
8971501
8972001
8972501
8979501
9032001
9032501
9033001
9033501
9067001
9409001
9409501
9412501
9413501
9428001
9428501
9429001
9429501
9430501
9431001
9432001
9432501
9434001
9441001
9471501
9541001
9570001
9571001
9675501
9676001
9676501
9677001
9677501
9679501
9681501
9683001
9720001
9722501
9779001
9779501
9780001
9780501
9781001
9781501
9782001
9782501
9783001
9783501
9784001
9784501
9799501
9800001
9800501
9801001
9801501
9803001
9803501
9804501
9899501
9908501
9909001
9909501
9910001
9910501
9911001
9911501
9912001
9912501
9913001
9913501
9914001
9914501
9915001
9915501
9916001
9916501
9917001
9917501
9918001
9918501
9919001
9919501
9920001
9920501
9921001
9921501
9922001
9922501
9923001
9923501
9924001
9924501
9925001
9925501
9926001
9927001
9928501
9929001
9929501
9930001
9930501
9931501
9932001
9932501
9933001
9933501
9934001
9934501
9935001
9935501
9936001
9936501
9937001
9937501
9938001
9938501
9939001
9939501
9940001
9941001
9942001
9942501
9943001
9943501
9944001
9944501
9945001
9945501
9946001
9947001
9948001
9949001
9950001
9950501
9952501
9953001
9953501
9954001
9954501
9955001
9955501
9956001
9956501
9957001
9957501
9958001
9958501
9959001
9959501
9960001
9960501
9961001
9961501
9962001
9962501
9963001
9963501
9964001
9964501
9965001
9965501
9966001
9966501
9967001
9967501
9968001
9970501
9974501
9975001
9975501
9976001
9976501
9977001
9977501
9978001
9978501
9979001
9979501
9980501
9981001
9981501
9982501
9983001
9983501
9984001
9984501
9985001
9985501
9986001
9987001
9987501
9988001
9989001
9989501
9990001
9991001
9991501
9992001
9992501
9993001
9993501
9995001
9995501
9997501
9998001
9998501
9999501
10000001
10000501
10003001
10004001
10005501
10006001
10006501
10007001
10007501
10008001
10009001
10009501
10010001
10010501
10011501
10012001
10012501
10013001
10013501
10014001
10014501
10015001
10015501
10016001
10016501
10017001
10017501
10018001
10018501
10019001
10019501
10020001
10020501
10021001
10021501
10022001
10022501
10023001
10023501
10024001
10024501
10025001
10025501
10026001
10026501
10027001
10027501
10028001
10028501
10029001
10029501
10030001
10030501
10031001
10031501
10032001
10032501
10033001
10033501
10034001
10034501
10035001
10035501
10036001
10036501
10037001
10037501
10038501
10039001
10039501
10040001
10040501
10041001
10041501
10042001
10042501
10043001
10043501
10044001
10044501
10045001
10046001
10046501
10047001
10047501
10048001
10048501
10049001
10049501
10050001
10050501
10051001
10051501
10052001
10052501
10053001
10054001
10054501
10055001
10055501
10056001
10056501
10057001
10057501
10058001
10058501
10059001
10059501
10060001
10060501
10061001
10061501
10062001
10062501
10063001
10063501
10064001
10064501
10065001
10065501
10066001
10066501
10067001
10067501
10068001
10068501
10069001
10069501
10070001
10070501
10071001
10071501
10072001
10072501
10073001
10073501
10075001
10075501
10076001
10078001
10080501
10081001
10081501
10082001
10082501
10083001
10083501
10084501
10085001
10085501
10086001
10086501
10087001
10089501
10090001
10090501
10091001
10091501
10092001
10092501
10093001
10093501
10094001
10094501
10095001
10095501
10096001
10097001
10098001
10098501
10099001
10099501
10100001
10100501
10101001
10101501
10104001
13105501
13107501
13109001
13109501
13110001
13110501
13111001
13113501
13114501
13115001
13115501
13116001
13116501
13119001
13119501
13120001
13120501
13121001
13121501
13122001
13122501
13125001
13125501
13127001
13127501
13128001
13128501
13129001
13129501
13130001
13130501
13131001
13131501
13132001
13132501
13133001
13133501
13134001
13134501
13135001
13135501
13136001
13136501
13137001
13137501
13138001
13138501
13139001
13139501
13140001
13140501
13141001
13141501
13142001
13142501
13143001
13194001
13194501
13195001
13195501
13196001
13201001
13201501
13203501
13204001
13239001
13239501
13240001
13240501
13241001
13241501
13242001
13242501
13243001
13243501
13244001
13244501
13245001
13245501
13246001
13246501
13247001
13247501
13248001
13248501
13249001
13249501
13250001
13250501
13251001
13251501
13252001
13252501
13253001
13253501
13254001
13254501
13255001
13255501
13256001
13256501
13257001
13257501
13258001
13258501
13259001
13259501
13260001
13260501
13261001
13261501
13262001
13262501
13263001
13263501
13264001
13265001
13265501
13266001
13266501
13267001
13267501
13268001
13268501
13269001
13269501
13270001
13270501
13271001
13271501
13272001
13272501
13273001
13273501
13274001
13274501
13275001
13276001
13277001
13277501
13279501
13282001
13282501
13283001
13283501
13284001
13284501
13285001
13285501
13286501
13287001
13287501
13288001
13288501
13289001
13289501
13290001
13290501
13291001
13291501
13292001
13292501
13293001
13293501
13294001
13294501
13295001
13295501
13296001
13296501
13297001
13297501
13298001
13298501
13299501
13300001
13300501
13301001
13301501
13302501
13303501
13304501
13305501
13306001
13306501
13307001
13307501
13308001
13308501
13309001
13309501
13310001
13310501
13311501
13312001
13312501
13313001
13313501
13314501
13315001
13316501
13317001
13318001
13318501
13319001
13319501
13321001
13321501
13322001
13322501
13323001
13323501
13324001
13324501
13325001
13325501
13326001
13326501
13327001
13327501
13331501
13332001
13332501
13333001
13333501
13334001
13334501
13335001
13335501
13336001
13336501
13337001
13338001
13338501
13339001
13339501
13340001
13340501
13341001
13341501
13342001
13342501
13343001
13343501
13344001
13344501
13345001
13345501
13346001
13346501
13347001
13347501
13348001
13348501
13349001
13349501
13350001
13350501
13351001
13351501
13352001
13352501
13353001
13353501
13354001
13354501
13355501
13356001
13356501
13357001
13358501
13359001
13359501
13360001
13360501
13361501
13362501
13363001
13363501
13364001
13365001
13365501
13366001
13366501
13367001
13367501
13368001
13368501
13369001
13369501
13370001
13370501
13371001
13371501
13372001
13372501
13373001
13374001
13374501
13375501
13376001
13376501
13377001
13377501
13378001
13379001
13379501
13380001
13380501
13381001
13381501
13382001
13382501
13383001
13383501
13384001
13384501
13385001
13385501
13386001
13387501
13388001
13388501
13389001
13389501
13390001
13390501
13391001
13391501
13392001
13392501
13393001
13393501
13394001
13394501
13395001
13395501
13396001
13396501
13397001
13398001
13399001
13401001
13401501
13402001
13402501
13403501
13404001
13404501
13405001
13407001
13409001
13409501
13411001
13412001
13412501
13413001
13413501
13414001
13414501
13415001
13415501
13416001
13416501
13417001
13417501
13418501
13419501
13420001
13420501
13421001
13421501
13422501
13423501
13424001
13424501
13425001
13425501
13426001
13426501
13427001
13427501
13428001
13428501
13429001
13429501
13430501
13431001
13431501
13432001
13432501
13433001
13433501
13434001
13436001
13437001
13437501
13438001
13438501
13439501
13440001
13440501
13442001
13443001
13443501
13445501
13446001
13446501
13447001
13447501
13448001
13448501
13449001
13449501
13450001
13450501
13451001
13451501
13452001
13452501
13453001
13453501
13454001
13454501
13455001
13455501
13456001
13456501
13457001
13457501
13458001
13458501
13459001
13459501
13460001
13460501
13461001
13461501
13462001
13462501
13463001
13463501
13464001
13464501
13465001
13465501
13466001
13466501
13467001
13467501
13468001
13468501
13469001
13469501
13470001
13470501
13471001
13471501
13472001
13472501
13473001
13473501
13474001
13474501
13475001
13475501
13476001
13476501
13477001
13477501
13478001
13478501
13479001
13479501
13480001
13480501
13481001
13481501
13482001
13482501
13483001
13483501
13484001
13484501
13485001
13485501
13486001
13486501
13487001
13487501
13488001
13488501
13489001
13489501
13490001
13490501
13491001
13491501
13492001
13492501
13496501
13497001
13498001
13499001
13499501
13500001
13501001
13502001
13502501
13504001
13504501
13506001
13506501
13507001
13508001
13508501
13509001
13509501
13510001
13510501
13511501
13512501
13513001
13513501
13514001
13514501
13515001
13515501
13516001
13516501
13517001
13517501
13518001
13518501
13519001
13519501
13520001
13521001
13521501
13522001
13522501
13523001
13523501
13524001
13524501
13525501
13526001
13528501
13529001
13529501
13531001
13532501
13533001
13533501
13534501
13535001
13535501
13536001
13538001
13538501
13540001
13540501
13542501
13543001
13544501
13545001
13545501
13546501
13547001
13547501
13548001
13548501
13549001
13550001
13551001
13551501
13552501
13554001
13556001
13556501
13557001
13558501
13559001
13559501
13561501
13562001
13562501
13563501
13565001
13566001
13569001
13569501
13570001
13571501
13572001
13572501
13573001
13573501
13577501
13578001
13579501
13580501
13581001
13581501
13582001
13583001
13583501
13586501
13589501
13590501
13591001
13592501
13593001
13593501
13595001
13597501
13598001
13601001
13601501
13602001
13605501
13608001
13608501
13609001
13610501
13611001
13611501
13612001
13616501
13618501
13622001
13623001
13628001
13629001
13629501
13630501
13631001
13631501
13632501
13633001
13633501
13634001
13634501
13635501
13636501
13637001
13637501
13638001
13638501
13639001
13639501
13641501
13642001
13642501
13643001
13643501
13644001
13645001
13645501
13646001
13646501
13647001
13647501
13648001
13648501
13649001
13649501
13650001
13650501
13651001
13651501
13652001
13652501
13653001
13653501
13654001
13654501
13655001
13655501
13656001
13656501
13657001
13657501
13658001
13658501
13659001
13659501
13660001
13660501
13661001
13661501
13662001
13662501
13663001
13663501
13664001
13664501
13665001
13665501
13666001
13666501
13667001
13667501
13668001
13668501
13669001
13669501
13670001
13670501
13671001
13671501
13672001
13672501
13673001
13673501
13674001
13674501
13675001
13675501
13676001
13676501
13677001
13677501
13678001
13678501
13679001
13679501
13680001
13680501
13681001
13681501
13682001
13682501
13683001
13683501
13684001
13684501
13685001
13685501
13686001
13686501
13687001
13687501
13688001
13688501
13689001
13689501
13690001
13690501
13691001
13691501
13692001
13692501
13693001
13693501
13694001
13694501
13695001
13695501
13696001
13696501
13697001
13697501
13698001
13698501
13699501
13700001
13700501
13701001
13701501
13702001
13702501
13703001
13703501
13704001
13705001
13705501
13706001
13706501
13707001
13707501
13708501
13709001
13709501
13710501
13711001
13711501
13712001
13712501
13713001
13714001
13714501
13715001
13715501
13716001
13716501
13717001
13717501
13718001
13718501
13719001
13719501
13720001
13720501
13721001
13721501
13722001
13722501
13723001
13723501
13724001
13724501
13725001
13725501
13726001
13727501
13728001
13728501
13729001
13729501
13730001
13731001
13731501
13732001
13733001
13733501
13734001
13734501
13735001
13735501
13737001
13737501
13738501
13739001
13739501
13740001
13741001
13741501
13742501
13743001
13743501
13744001
13744501
13745001
13745501
13746001
13746501
13747001
13747501
13748001
13799001
13799501
13800001
13800501
13801001
13801501
13802001
13802501
13803001
13803501
13804001
13804501
13805001
13805501
13806001
13806501
13807001
13807501
13808001
13808501
13809001
13809501
13810001
13810501
13811001
13811501
13812001
13812501
13813001
13813501
13814001
13814501
13815001
13815501
13816001
13816501
13817001
13817501
13818001
13818501
13819001
13819501
13820001
13820501
13821001
13821501
13822001
13822501
13823001
13823501
13824001
13824501
13825001
13825501
13826001
13826501
13827001
13827501
13828001
13828501
13829001
13829501
13830001
13830501
13831001
13831501
13832001
13832501
13833001
13833501
13834001
13834501
13835001
13835501
13836001
13836501
13837001
13837501
13838001
13838501
13839001
13839501
13840001
13840501
13841001
13841501
13842001
13842501
13843001
13843501
13844001
13844501
13845001
13845501
13846001
13846501
13847001
13847501
13848001
13848501
13849001
13849501
13850001
13850501
13851001
13851501
13852001
13852501
13853001
13853501
13854001
13854501
13855001
13855501
13856001
13856501
13857001
13857501
13858001
13858501
13859001
13859501
13860001
13860501
13861001
13861501
13862001
13862501
13863001
13863501
13864001
13864501
13865001
13865501
13866001
13866501
13867001
13867501
13868001
13868501
13869001
13869501
13870001
13875501
13876001
13876501
13877001
13877501
13878001
13884001
13886501
13898001
13963501
13976501
13978501
13980001
13989501
14019501
14056001
14056501
14057001
14057501
14058001
14107001
14109501
14110001
14110501
14111001
14111501
14112501
14113501
14114501
14132501
14133501
14149001
14162001
14162501
14163001
14164501
14165001
14165501
14166501
14242001
14258001
14258501
14260001
14290501
14292001
14297001
14303001
14306501
14307001
14341001
14341501
14390501
14391001
14451501
14453001
14473001
14473501
14490501
14511001
14512001
14514501
14559501
14575001
14578501
14581501
14609501
14630501
14632001
14632501
14634501
14684001
14686501
14687001
14697501
14738001
14946001
14960501
14963501
14981501
14990001
14991001
15020501
15047501
15098001
15098501
15099001
15099501
15102001
15118501
15120001
15142501
15149001
15188501
15213001
15213501
15214001
15214501
15215001
15216001
15231001
15231501
15242501
15243001
15243501
15244001
15244501
15245001
15245501
15246001
15246501
15247501
15278501
15291001
15291501
15292001
15292501
15293001
15293501
15294001
15294501
15295001
15295501
15296001
15296501
15300001
15351001
15366001
15402501
15423001
15424001
15428501
15530001
15570001
15570501
15628501
15629001
15629501
15636501
15637001
15637501
15638001
15638501
15639001
15639501
15640001
15640501
15641001
15661001
15671001
15671501
15672001
15672501
15673001
15673501
15674001
15674501
15675001
15675501
15683001
15730501
15804501
15805501
15806001
15808001
15808501
15815001
15834001
15834501
15835001
15835501
15836001
15836501
15837001
15838501
15839001
15853001
15853501
15854001
15854501
15855501
15856001
15856501
15857001
15858001
15881501
15882501
15883001
15883501
15884001
15884501
15885001
15885501
15886001
15886501
15887001
15888001
15889001
15890001
15958001
15958501
15960001
15961001
16010001
16010501
16012501
16013001
16015001
16022501
16023501
16024001
16025501
16026501
16066001
16066501
16067501
16068001
16068501
16069001
16071501
16079501
16081001
16081501
16082001
16082501
16083501
16124501
16125501
16126001
16126501
16127001
16127501
16128001
16128501
16129001
16129501
16136001
16136501
16137001
16137501
16138001
16138501
16139001
16139501
16140001
16206501
16207001
16209001
16209501
16215501
16216001
16245001
16309001
16336001
16379501
16380501
16395501
16396501
16399501
16498001
16501001
16501501
16525001
16590501
16648001
16656501
16657001
16658001
16685501
16686501
16701001
16784501
16785001
16785501
16814001
16814501
16897001
16942501
16974501
16977501
16978001
16994501
16995501
16998501
17018001
17023501
17024001
17024501
17025001
17025501
17035501
17036001
17036501
17059001
17059501
17062001
17062501
17070001
17070501
17074501
17155501
17162001
17162501
17163001
17163501
17165001
17199501
17200001
17218001
17224501
17226501
17258501
17261501
17265001
17266001
17267001
17268001
17268501
17269501
17287001
17337501
17349001
17385001
17454001
17519501
17520001
17521001
17521501
17522501
17523001
17539501
17541001
17541501
17542001
17543001
17543501
17584001
17641001
17697501
17699001
17700001
17707001
17727001
17757001
17757501
17763501
17765001
17784501
17796001
17812501
17827001
17828501
17830001
17834501
17835001
17836001
17836501
17837001
17837501
17838501
17849001
17849501
17854501
17898501
17899001
17901001
17903001
17955001
17955501
17994501
17998501
17999001
18000001
18000501
18001001
18001501
18007001
18008501
18040501
18042001
18054501
18079001
18079501
18131501
18138001
18138501
18139501
18140001
18140501
18141501
18142001
18142501
18143001
18228001
18228501
18229001
18229501
18230001
18230501
18231001
18232001
18291001
18331501
18333001
18333501
18354001
18402501
18473501
18476001
18478501
18517501
18540501
18542501
18544001
18647501
18747001
18796501
18799001
18826501
18926501
18967001
18967501
18968001
18968501
18969001
18970001
18971501
18975001
18975501
19000501
19012501
19013001
19015501
19018001
19018501
19019001
19019501
19025001
19025501
19026001
19027001
19027501
19028001
19028501
19029001
19029501
19036501
19081501
19082001
19082501
19085001
19097501
19098001
19099501
19100501
19101001
19102001
19102501
19173001
19173501
19174501
19175001
19175501
19176001
19176501
19177001
19177501
19178001
19210001
19210501
19211001
19211501
19326001
19328501
19340001
19375501
19425001
19425501
19428501
19433001
19433501
19434501
19435001
19487001
19487501
19488001
19488501
19489001
19540001
19541501
19542001
19547001
19559001
19560001
19561001
19562001
19649501
19652501
19654001
19681501
19704001
19755501
19758001
19760001
19785501
19789501
19792001
19802501
19810501
19811501
19815001
19816501
19821001
19823001
19823501
19825001
19916501
19917001
19977501
19978001
20008001
20061001
20069001
20117501
20121001
20122501
20201501
20202001
20262001
20354001
20357001
20375501
20387501
20419501
20421501
20423501
20475501
20476001
20491501
20526501
20527001
20527501
20569001
20701501
20830501
20942001
20942501
20990001
21056501
21057001
21057501
21058001
21058501
21059001
21060501
21061001
21099501
21151501
21152501
21153001
21153501
21154001
21154501
21170001
21171501
21196501
21197001
21197501
21198001
21198501
21199001
21271001
21278001
21279501
21324001
21349001
21378001
21379501
21420501
21450001
21501001
21501501
21512001
21515501
21535501
21536001
21537001
21537501
21538001
21538501
21539001
21539501
21540001
21574501
21575001
21575501
21576501
21578001
21578501
21579001
21579501
21629501
21630001
21633001
21633501
21635001
21698001
21714501
21743501
21745501
21746501
21747501
21790501
21828501
21829001
21829501
21840001
21840501
21895501
21912501
21913001
21914501
21915001
21942001
22014501
22015501
22016501
22017001
22085501
22090001
22090501
22150001
22152501
22182001
22182501
22194001
22195001
22195501
22196501
22197501
22198001
22198501
22210001
22530501
22531001
22531501
22532001
22532501
22533001
22533501
22534001
22534501
22535001
22535501
22541001
22541501
22542501
22543501
22544001
22544501
22545501
22546501
22591001
22593001
22620001
22621001
22622001
22635001
22635501
22636001
22636501
22637001
22637501
22638001
22643001
22665501
22666001
22666501
22667001
22667501
22668001
22668501
22693501
22694001
22695001
22695501
22696001
22749001
22756501
22757001
22777001
22777501
22789001
22789501
22790001
22790501
22840501
22854001
22854501
22855501
22884001
22955501
22971501
22972001
22983001
22984501
22986501
22987501
23027001
23029001
23034001
23038001
23038501
23052001
23076001
23076501
23077501
23086001
23100501
23101501
23102501
23106001
23106501
23107001
23107501
23108001
23109001
23109501
23110001
23110501
23120501
23121001
23168001
23168501
23169001
23171501
23172001
23173001
23192001
23192501
23193001
23211001
23211501
23212501
23214001
23215001
23223001
23226001
23227001
23230001
23246001
23261001
23318001
23318501
23319501
23320501
23321001
23321501
23333001
23357001
23400001
23455001
23513001
23519001
23521501
23522001
23564001
23609001
23777501
23807001
23831001
24075501
24138001
24144501
24191001
24215501
24256001
24339001
24432501
24435001
24486001
24486501
24487001
24487501
24488001
24488501
24489001
24489501
24490001
24490501
24491001
24512501
24732001
24733501
24734501
24740001
24925501
25006001
25006501
25020501
25022001
25039501
25291001
25292001
25292501
25293001
25294501
25295501
25404501
25405001
25405501
25406001
25406501
25407501
25408001
25408501
25409001
25526001
25526501
25527501
25528001
25528501
25587501
25588001
25588501
25605501
25606001
25685001
25747001
25747501
25825001
25852501
25853501
25856001
25877501
25939501
26055501
26056001
26057001
26103001
26103501
26104001
26104501
26105001
26105501
26127501
26150501
26213501
26214501
26259001
26275001
26349001
26350501
26362501
26367501
26369501
26370501
26371001
26371501
26372001
26372501
26434501
26435501
26440501
26441001
26441501
26443501
26444501
26445001
26446501
26448001
26449001
26450001
26451501
26456501
26457001
26457501
26461001
26462001
26463001
26464501
26469001
26469501
26472501
26476501
26484501
26496001
26501501
26502001
26507001
26554501
26558501
26559501
26635501
26636001
26637501
26639501
26640001
26651501
26652501
26655501
26673001
26673501
26810501
26828501
26922501
26923001
26923501
26924001
26924501
26925501
26926001
26926501
26927501
26955501
27024001
27024501
27025001
27025501
27026001
27026501
27027501
27242001
27288501
27289001
27306001
27306501
27321501
27322501
27324001
27326501
27402001
27402501
27476501
27479001
27489501
27492501
27497501
27500001
27510001
27517001
27518501
27519001
27520001
27520501
27521001
27521501
27526501
27527501
27528001
27528501
27533001
27533501
27589501
27591001
27592501
27594501
27599501
27611501
27614501
27687001
27687501
27704501
27747001
27750501
27755501
27791501
27811501
27833501
27856501
27857001
27857501
27858001
27858501
27859001
27872501
27904501
27905501
27906001
28054001
28058001
28106001
28107001
28107501
28108001
28109001
28110001
28209001
28221001
28253001
28373501
28374001
28374501
28375001
28433501
28434001
28434501
28435001
28435501
28436001
28436501
28457501
28487001
28488001
28488501
28489001
28490001
28490501
28491001
28491501
28493001
28498001
28522501
28527501
28535001
28544501
28548501
28549001
28549501
28550001
28550501
28551001
28551501
28553501
28578501
28579001
28582501
28583001
28583501
28585001
28585501
28586001
28586501
28587001
28587501
28588001
28588501
28594501
28598001
28601501
28604001
28639001
28663001
28672001
28675501
28683001
28683501
28704001
28709001
28720001
28726501
28749501
28750001
28750501
28753001
28784001
28784501
28785001
28785501
28786001
28786501
28787001
28787501
28788001
28788501
28789001
28789501
28790001
28790501
28791001
28791501
28792001
28792501
28793001
28793501
28794001
28794501
28795001
28795501
28796001
28796501
28797001
28797501
28798001
28798501
28799001
28799501
28800001
28800501
28801001
28801501
28802001
28802501
28803001
28803501
28804001
28804501
28805001
28805501
28806001
28806501
28807001
28807501
28808001
28808501
28809001
28809501
28810001
28810501
28811001
28811501
28812001
28812501
28813001
28813501
28814001
28814501
28815001
28815501
28816001
28816501
28817001
28817501
28818001
28818501
58819501
58820501
58821001
58821501
58822501
58823001
58824001
58824501
58825001
58826001
58826501
58827001
58827501
58828001
58828501
58830001
58831001
58831501
58832001
58832501
58833501
58834001
58834501
58835001
58835501
58836501
58837001
58837501
58838501
58840501
58841001
58842001
58842501
58843001
58843501
58844001
58844501
58845501
58846001
58846501
58847001
58848001
58849001
58849501
58851501
58853001
58853501
58854501
58855001
58856001
58856501
58857001
58857501
58858001
58858501
58859501
58860001
58861001
58861501
58862001
58862501
58863501
58864001
58865501
58866001
58867001
58868501
58869501
58870501
58871001
58872501
58873001
58874001
58874501
58875001
58876001
58876501
58877501
58878001
58878501
58880001
58881501
58882001
58882501
58883501
58884501
58885001
58886501
58887001
58887501
58888001
58888501
58889001
58889501
58890001
58890501
58891001
58892001
58892501
58893001
58894501
58895501
58897501
58898001
58899001
58899501
58900501
58901001
58901501
58902001
58902501
58903001
58903501
58905001
58906001
58906501
58907501
58908501
58909501
58910001
58910501
58911001
58911501
58912001
58912501
58913001
58913501
58914001
58915501
58917001
58968501
58969001
58969501
58970001
58970501
58971001
58971501
58972001
58972501
58973001
58973501
58974001
58974501
58975001
58975501
58976001
58976501
58977001
58977501
58978001
58978501
58979001
58979501
58980001
58980501
58981001
58981501
58982001
58982501
58983001
58983501
58984001
58984501
58985001
58985501
58986001
58986501
58987001
58987501
58988001
58988501
58989001
58989501
58990001
58990501
58991001
58991501
58992001
58992501
58993001
58993501
58994001
58994501
58995001
58995501
58996001
58996501
58997001
58997501
58998001
58998501
58999001
58999501
59000001
59000501
59001001
59001501
59002001
59003501
59004001
59004501
59005001
59005501
59006501
59007501
59008001
59008501
59009001
59009501
59010501
59011001
59011501
59012001
59012501
59013001
59013501
59014001
59014501
59015001
59015501
59016001
59016501
59017001
59017501
59018001
59018501
59019001
59019501
59020001
59020501
59021001
59022001
59022501
59023001
59023501
59024001
59024501
59025001
59025501
59026001
59026501
59027001
59027501
59028001
59028501
59029001
59029501
59030001
59030501
59031001
59031501
59032001
59032501
59033001
59034001
59034501
59035001
59035501
59036001
59036501
59041501
59042001
59042501
59043501
59045001
59045501
59046001
59046501
59047001
59047501
59048001
59048501
59049501
59050001
59050501
59051501
59052001
59052501
59053001
59053501
59054001
59054501
59055001
59055501
59056001
59056501
59057001
59057501
59058001
59058501
59059001
59059501
59060001
59061001
59061501
59062501
59063001
59063501
59064001
59064501
59065001
59065501
59066001
59066501
59069001
59069501
59070001
59071001
59072001
59072501
59073001
59073501
59074001
59075001
59076001
59077001
59078001
59078501
59079001
59079501
59080001
59080501
59081001
59082001
59082501
59083001
59083501
59086001
59086501
59088501
59089001
59089501
59090001
59091001
59091501
59092501
59093001
59093501
59094001
59094501
59095001
59095501
59096001
59096501
59097001
59097501
59098001
59098501
59099001
59100501
59101501
59102501
59103001
59104501
59105001
59105501
59106001
59107001
59107501
59108001
59108501
59109001
59109501
59110501
59111001
59111501
59112001
59112501
59113001
59113501
59114001
59114501
59115501
59116001
59116501
59117001
59117501
59118001
59118501
59119001
59119501
59120001
59120501
59121001
59122501
59124001
59127001
59128001
59129001
59130001
59131001
59131501
59132501
59133001
59134501
59135501
59136001
59136501
59137001
59137501
59138501
59139001
59139501
59140001
59140501
59141001
59141501
59142001
59142501
59143001
59143501
59144001
59144501
59145001
59145501
59146001
59146501
59147001
59148501
59149001
59150001
59151001
59151501
59152001
59152501
59153001
59153501
59154001
59154501
59156501
59157001
59157501
59158001
59160501
59161001
59162001
59162501
59163001
59163501
59165001
59165501
59166001
59167001
59167501
59168001
59168501
59169001
59169501
59170001
59170501
59171001
59171501
59172001
59172501
59173001
59173501
59174001
59174501
59175001
59175501
59176501
59177001
59177501
59178001
59178501
59179001
59179501
59180501
59181001
59182001
59182501
59184001
59184501
59185501
59186001
59187501
59188501
59189001
59190001
59190501
59191501
59192501
59193001
59194501
59195001
59196501
59197001
59197501
59198001
59198501
59199001
59200501
59201001
59201501
59202001
59204501
59205001
59205501
59206501
59207001
59208001
59208501
59209501
59210001
59210501
59211001
59211501
59212001
59212501
59213001
59214001
59214501
59215001
59215501
59216001
59216501
59217001
59217501
59218001
59218501
59219001
59219501
59220001
59220501
59221001
59223001
59223501
59224501
59225001
59225501
59226001
59227001
59227501
59228001
59228501
59229001
59230501
59231001
59231501
59232001
59233001
59233501
59234001
59234501
59235001
59235501
59236001
59236501
59238501
59239001
59240001
59240501
59241001
59241501
59242001
59242501
59243001
59243501
59245001
59245501
59246001
59246501
59247501
59248001
59248501
59249001
59249501
59250001
59250501
59251001
59251501
59252001
59252501
59253001
59254001
59254501
59257001
59257501
59258001
59259001
59259501
59260501
59261001
59261501
59262001
59262501
59263001
59263501
59264001
59264501
59265001
59265501
59266001
59266501
59267001
59267501
59268501
59269001
59270001
59271001
59271501
59272001
59273001
59273501
59274001
59274501
59275001
59275501
59276501
59277001
59277501
59278001
59278501
59279001
59279501
59280001
59280501
59281001
59281501
59282001
59282501
59283001
59283501
59284001
59284501
59285001
59286001
59286501
59287001
59288001
59289001
59289501
59290001
59291001
59291501
59292501
59293501
59294501
59295001
59295501
59296001
59296501
59297001
59298001
59298501
59299001
59299501
59300001
59300501
59301001
59302001
59302501
59303001
59303501
59304001
59304501
59305001
59306001
59306501
59307001
59307501
59308001
59308501
59309001
59309501
59310001
59310501
59311001
59311501
59313001
59313501
59314001
59314501
59315001
59315501
59316001
59316501
59317001
59317501
59318001
59318501
59319001
59319501
59320001
59320501
59321501
59322001
59322501
59323001
59323501
59324001
59324501
59325501
59326001
59326501
59327001
59327501
59328001
59328501
59329001
59329501
59330001
59330501
59331001
59331501
59332001
59332501
59333001
59334001
59334501
59335001
59335501
59336001
59336501
59337001
59337501
59338001
59338501
59339001
59340501
59341001
59341501
59342001
59342501
59343501
59344001
59345001
59345501
59346001
59346501
59347001
59348001
59348501
59349501
59350501
59351501
59352501
59353001
59353501
59354001
59354501
59355001
59355501
59356001
59356501
59357001
59357501
59358001
59358501
59359001
59359501
59360001
59360501
59361001
59362001
59362501
59363001
